A=[0; 1; 2; 3]
B=A/4