A=[1; 2; 3; 4;]
B=A(1:3)